{
  "accessors": [
    {
      "bufferView": 0,
      "componentType": 5126,
      "count": 2381,
      "max": [
        7.900000095367432,
        2.0999999046325684,
        1.600000023841858
      ],
      "min": [
        -2.0999999046325684,
        -2.0999999046325684,
        -1.756250023841858
      ],
      "type": "VEC3"
    },
    {
      "bufferView": 0,
      "byteOffset": 12,
      "componentType": 5126,
      "count": 2381,
      "type": "VEC3"
    },
    {
      "bufferView": 1,
      "componentType": 5125,
      "count": 7098,
      "type": "SCALAR"
    },
    {
      "bufferView": 2,
      "componentType": 5126,
      "count": 1238,
      "max": [
        3.3810198307037354,
        0.0,
        2.596644639968872
      ],
      "min": [
        -1.1199904680252075,
        -4.441354751586914,
        0.0
      ],
      "type": "VEC3"
    },
    {
      "bufferView": 2,
      "byteOffset": 12,
      "componentType": 5126,
      "count": 1238,
      "type": "VEC3"
    },
    {
      "bufferView": 3,
      "componentType": 5125,
      "count": 3516,
      "type": "SCALAR"
    },
    {
      "bufferView": 4,
      "componentType": 5126,
      "count": 424,
      "max": [
        6.0291571617126465,
        1.5180386304855347,
        0.4000000059604645
      ],
      "min": [
        -0.5,
        -0.5,
        -0.20000000298023224
      ],
      "type": "VEC3"
    },
    {
      "bufferView": 4,
      "byteOffset": 12,
      "componentType": 5126,
      "count": 424,
      "type": "VEC3"
    },
    {
      "bufferView": 5,
      "componentType": 5125,
      "count": 1164,
      "type": "SCALAR"
    },
    {
      "bufferView": 6,
      "componentType": 5126,
      "count": 424,
      "max": [
        6.0291571617126465,
        1.5180386304855347,
        0.6000000238418579
      ],
      "min": [
        -0.5,
        -0.5,
        0.0
      ],
      "type": "VEC3"
    },
    {
      "bufferView": 6,
      "byteOffset": 12,
      "componentType": 5126,
      "count": 424,
      "type": "VEC3"
    },
    {
      "bufferView": 7,
      "componentType": 5125,
      "count": 1164,
      "type": "SCALAR"
    },
    {
      "bufferView": 8,
      "componentType": 5126,
      "count": 436,
      "max": [
        0.39861711859703064,
        3.498108386993408,
        0.4000000059604645
      ],
      "min": [
        -0.39861711859703064,
        -0.3981083333492279,
        0.0
      ],
      "type": "VEC3"
    },
    {
      "bufferView": 8,
      "byteOffset": 12,
      "componentType": 5126,
      "count": 436,
      "type": "VEC3"
    },
    {
      "bufferView": 9,
      "componentType": 5125,
      "count": 1260,
      "type": "SCALAR"
    },
    {
      "bufferView": 10,
      "componentType": 5126,
      "count": 1060,
      "max": [
        1.4533497095108032,
        3.4482624530792236,
        0.4000000059604645
      ],
      "min": [
        -1.2093058824539185,
        -1.4533497095108032,
        0.0
      ],
      "type": "VEC3"
    },
    {
      "bufferView": 10,
      "byteOffset": 12,
      "componentType": 5126,
      "count": 1060,
      "type": "VEC3"
    },
    {
      "bufferView": 11,
      "componentType": 5125,
      "count": 2904,
      "type": "SCALAR"
    },
    {
      "bufferView": 12,
      "componentType": 5126,
      "count": 906,
      "max": [
        1.453436255455017,
        1.453436255455017,
        0.4000000059604645
      ],
      "min": [
        -1.2092039585113525,
        -3.4721999168395996,
        0.0
      ],
      "type": "VEC3"
    },
    {
      "bufferView": 12,
      "byteOffset": 12,
      "componentType": 5126,
      "count": 906,
      "type": "VEC3"
    },
    {
      "bufferView": 13,
      "componentType": 5125,
      "count": 2436,
      "type": "SCALAR"
    }
  ],
  "asset": {
    "version": "2.0"
  },
  "bufferViews": [
    {
      "buffer": 0,
      "byteLength": 76192,
      "byteStride": 32,
      "target": 34962
    },
    {
      "buffer": 0,
      "byteLength": 28392,
      "byteOffset": 76192,
      "target": 34963
    },
    {
      "buffer": 0,
      "byteLength": 39616,
      "byteOffset": 104584,
      "byteStride": 32,
      "target": 34962
    },
    {
      "buffer": 0,
      "byteLength": 14064,
      "byteOffset": 144200,
      "target": 34963
    },
    {
      "buffer": 0,
      "byteLength": 13568,
      "byteOffset": 158264,
      "byteStride": 32,
      "target": 34962
    },
    {
      "buffer": 0,
      "byteLength": 4656,
      "byteOffset": 171832,
      "target": 34963
    },
    {
      "buffer": 0,
      "byteLength": 13568,
      "byteOffset": 176488,
      "byteStride": 32,
      "target": 34962
    },
    {
      "buffer": 0,
      "byteLength": 4656,
      "byteOffset": 190056,
      "target": 34963
    },
    {
      "buffer": 0,
      "byteLength": 13952,
      "byteOffset": 194712,
      "byteStride": 32,
      "target": 34962
    },
    {
      "buffer": 0,
      "byteLength": 5040,
      "byteOffset": 208664,
      "target": 34963
    },
    {
      "buffer": 0,
      "byteLength": 33920,
      "byteOffset": 213704,
      "byteStride": 32,
      "target": 34962
    },
    {
      "buffer": 0,
      "byteLength": 11616,
      "byteOffset": 247624,
      "target": 34963
    },
    {
      "buffer": 0,
      "byteLength": 28992,
      "byteOffset": 259240,
      "byteStride": 32,
      "target": 34962
    },
    {
      "buffer": 0,
      "byteLength": 9744,
      "byteOffset": 288232,
      "target": 34963
    }
  ],
  "buffers": [
    {
      "byteLength": 297976,
      "uri": "wrist.bin"
    }
  ],
  "materials": [
    {
      "doubleSided": true,
      "name": "XID_Default_94C538D4276A4513A1457BAF7A645164_shader",
      "pbrMetallicRoughness": {
        "baseColorFactor": [
          0.52252197265625,
          0.52252197265625,
          0.52252197265625,
          1.0
        ],
        "metallicFactor": 0.0,
        "roughnessFactor": 0.699999988079071
      }
    },
    {
      "doubleSided": true,
      "name": "XID_SmoothWhite_7F2BF7AE13D74563B91509B842C8EF59_shader",
      "pbrMetallicRoughness": {
        "baseColorFactor": [
          0.8275709748268127,
          0.8275709748268127,
          0.8275709748268127,
          1.0
        ],
        "metallicFactor": 0.0,
        "roughnessFactor": 0.800000011920929
      }
    }
  ],
  "meshes": [
    {
      "name": "Solid1",
      "primitives": [
        {
          "attributes": {
            "NORMAL": 1,
            "POSITION": 0
          },
          "indices": 2,
          "material": 0,
          "mode": 4
        }
      ]
    },
    {
      "name": "Těleso1",
      "primitives": [
        {
          "attributes": {
            "NORMAL": 4,
            "POSITION": 3
          },
          "indices": 5,
          "material": 0,
          "mode": 4
        }
      ]
    },
    {
      "name": "Těleso1",
      "primitives": [
        {
          "attributes": {
            "NORMAL": 7,
            "POSITION": 6
          },
          "indices": 8,
          "material": 1,
          "mode": 4
        }
      ]
    },
    {
      "name": "Těleso1",
      "primitives": [
        {
          "attributes": {
            "NORMAL": 10,
            "POSITION": 9
          },
          "indices": 11,
          "material": 1,
          "mode": 4
        }
      ]
    },
    {
      "name": "Těleso1",
      "primitives": [
        {
          "attributes": {
            "NORMAL": 13,
            "POSITION": 12
          },
          "indices": 14,
          "material": 1,
          "mode": 4
        }
      ]
    },
    {
      "name": "Těleso1",
      "primitives": [
        {
          "attributes": {
            "NORMAL": 16,
            "POSITION": 15
          },
          "indices": 17,
          "material": 1,
          "mode": 4
        }
      ]
    },
    {
      "name": "Těleso1",
      "primitives": [
        {
          "attributes": {
            "NORMAL": 19,
            "POSITION": 18
          },
          "indices": 20,
          "material": 1,
          "mode": 4
        }
      ]
    }
  ],
  "nodes": [
    {
      "matrix": [
        0.01,
        0.0,
        0.0,
        0.0,
        0.0,
        0.01,
        0.0,
        0.0,
        0.0,
        0.0,
        0.01,
        0.0,
        0.0,
        0.0,
        0.0,
        1.0
      ],
      "mesh": 0,
      "name": "Solid1"
    },
    {
      "children": [
        0
      ],
      "matrix": [
        1.0,
        3.608224830031761e-16,
        4.163336342344333e-16,
        0.0,
        -3.6082248300317617e-16,
        1.0,
        6.245004513516491e-17,
        0.0,
        -4.163336342344333e-16,
        -6.245004513516506e-17,
        1.0,
        0.0,
        -0.046841001200737226,
        0.025454577856028712,
        -0.0064339836391806154,
        1.0
      ],
      "name": "arm_part3:1"
    },
    {
      "matrix": [
        0.01,
        0.0,
        0.0,
        0.0,
        0.0,
        0.01,
        0.0,
        0.0,
        0.0,
        0.0,
        0.01,
        0.0,
        0.0,
        0.0,
        0.0,
        1.0
      ],
      "mesh": 1,
      "name": "Těleso1"
    },
    {
      "children": [
        2
      ],
      "matrix": [
        1.0,
        4.196251970251056e-16,
        4.163336342344332e-16,
        0.0,
        -4.180898255386302e-16,
        0.0041938679582600785,
        0.9999912056971044,
        0.0,
        4.1787545842545856e-16,
        -0.9999912056971044,
        0.0041938679582600785,
        0.0,
        0.04335890289880284,
        0.038530266704380235,
        0.010497142230177097,
        1.0
      ],
      "name": "grip_base:1"
    },
    {
      "matrix": [
        0.01,
        0.0,
        0.0,
        0.0,
        0.0,
        0.01,
        0.0,
        0.0,
        0.0,
        0.0,
        0.01,
        0.0,
        0.0,
        0.0,
        0.0,
        1.0
      ],
      "mesh": 2,
      "name": "Těleso1"
    },
    {
      "children": [
        4
      ],
      "matrix": [
        0.9295234400946236,
        -0.0015465434671932017,
        -0.36875978972491136,
        0.0,
        0.3687630327387179,
        0.003898298571864277,
        0.9295152655839429,
        0.0,
        3.920475055707584e-16,
        -0.9999912056971045,
        0.004193867958259658,
        0.0,
        0.07548729551603442,
        0.03859320900252975,
        0.025505183790451677,
        1.0
      ],
      "name": "lapak2:1"
    },
    {
      "matrix": [
        0.01,
        0.0,
        0.0,
        0.0,
        0.0,
        0.01,
        0.0,
        0.0,
        0.0,
        0.0,
        0.01,
        0.0,
        0.0,
        0.0,
        0.0,
        1.0
      ],
      "mesh": 3,
      "name": "Těleso1"
    },
    {
      "children": [
        6
      ],
      "matrix": [
        0.917570206756366,
        0.0016673719640417708,
        0.39757029006681754,
        0.0,
        0.3975737864511189,
        -0.0038481682895690145,
        -0.9175621373660399,
        0.0,
        -4.967814354328581e-16,
        0.9999912056971048,
        -0.004193867958259658,
        0.0,
        0.07579065846962968,
        0.03431386801053909,
        -0.04109284956434063,
        1.0
      ],
      "name": "lapak:1"
    },
    {
      "matrix": [
        0.01,
        0.0,
        0.0,
        0.0,
        0.0,
        0.01,
        0.0,
        0.0,
        0.0,
        0.0,
        0.01,
        0.0,
        0.0,
        0.0,
        0.0,
        1.0
      ],
      "mesh": 4,
      "name": "Těleso1"
    },
    {
      "children": [
        8
      ],
      "matrix": [
        -0.6404459343332406,
        -0.003220904258015787,
        -0.7679965045309668,
        0.0,
        -0.7680032585842476,
        0.0026859456829974758,
        0.6404403020577059,
        0.0,
        -4.796510411075872e-16,
        0.9999912056971045,
        -0.004193867958259655,
        0.0,
        0.09597720301826972,
        0.038350515016536434,
        -0.03236307865470363,
        1.0
      ],
      "name": "spojka:1"
    },
    {
      "matrix": [
        0.01,
        0.0,
        0.0,
        0.0,
        0.0,
        0.01,
        0.0,
        0.0,
        0.0,
        0.0,
        0.01,
        0.0,
        0.0,
        0.0,
        0.0,
        1.0
      ],
      "mesh": 4,
      "name": "Těleso1"
    },
    {
      "children": [
        10
      ],
      "matrix": [
        0.6404459343332405,
        0.00322090425801579,
        0.7679965045309667,
        0.0,
        -0.7680032585842475,
        0.0026859456829974784,
        0.6404403020577057,
        0.0,
        4.796510411075872e-16,
        -0.9999912056971043,
        0.004193867958259658,
        0.0,
        0.09597720301826972,
        0.03335055898805091,
        -0.03234210931491233,
        1.0
      ],
      "name": "spojka:2"
    },
    {
      "matrix": [
        0.01,
        0.0,
        0.0,
        0.0,
        0.0,
        0.01,
        0.0,
        0.0,
        0.0,
        0.0,
        0.01,
        0.0,
        0.0,
        0.0,
        0.0,
        1.0
      ],
      "mesh": 4,
      "name": "Těleso1"
    },
    {
      "children": [
        12
      ],
      "matrix": [
        -0.6420051830992456,
        0.003215439807682336,
        0.7666935540491698,
        0.0,
        -0.7667002966438087,
        -0.0026924849664369164,
        -0.6419995371112049,
        0.0,
        4.774826367626162e-16,
        -0.9999912056971045,
        0.004193867958259657,
        0.0,
        0.09593681119811613,
        0.04255914986903993,
        0.01737569294467058,
        1.0
      ],
      "name": "spojka:3"
    },
    {
      "matrix": [
        0.01,
        0.0,
        0.0,
        0.0,
        0.0,
        0.01,
        0.0,
        0.0,
        0.0,
        0.0,
        0.01,
        0.0,
        0.0,
        0.0,
        0.0,
        1.0
      ],
      "mesh": 4,
      "name": "Těleso1"
    },
    {
      "children": [
        14
      ],
      "matrix": [
        0.6420051830992463,
        -0.0032154398076823312,
        -0.7666935540491694,
        0.0,
        -0.7667002966438081,
        -0.0026924849664369207,
        -0.6419995371112055,
        0.0,
        -4.809520837145698e-16,
        0.9999912056971045,
        -0.004193867958259656,
        0.0,
        0.09593681119811613,
        0.029559264194977567,
        0.017430213228127992,
        1.0
      ],
      "name": "spojka:4"
    },
    {
      "matrix": [
        0.01,
        0.0,
        0.0,
        0.0,
        0.0,
        0.01,
        0.0,
        0.0,
        0.0,
        0.0,
        0.01,
        0.0,
        0.0,
        0.0,
        0.0,
        1.0
      ],
      "mesh": 5,
      "name": "Těleso1"
    },
    {
      "children": [
        16
      ],
      "matrix": [
        0.5347410114275049,
        0.003543885552527885,
        0.8450085748515691,
        0.0,
        0.845016006178279,
        -0.0022426331937927682,
        -0.5347363087530796,
        0.0,
        -4.794342006730901e-16,
        0.9999912056971045,
        -0.004193867958259658,
        0.0,
        0.052158902898802824,
        0.0383964254992499,
        -0.021416124811677477,
        1.0
      ],
      "name": "zubate_kolo2:1"
    },
    {
      "matrix": [
        0.01,
        0.0,
        0.0,
        0.0,
        0.0,
        0.01,
        0.0,
        0.0,
        0.0,
        0.0,
        0.01,
        0.0,
        0.0,
        0.0,
        0.0,
        1.0
      ],
      "mesh": 6,
      "name": "Těleso1"
    },
    {
      "children": [
        18
      ],
      "matrix": [
        0.651265332553176,
        -0.0031825170983570458,
        -0.7588434213981959,
        0.0,
        -0.7588500949557833,
        -0.002731320810520448,
        -0.6512596051285762,
        0.0,
        -4.787836793695988e-16,
        0.9999912056971048,
        -0.004193867958259658,
        0.0,
        0.052173902898802846,
        0.03850929736458894,
        0.005497186201691578,
        1.0
      ],
      "name": "zubate_kolo1:1"
    }
  ],
  "scenes": [
    {
      "nodes": [
        1,
        3,
        5,
        7,
        9,
        11,
        13,
        15,
        17,
        19
      ]
    }
  ]
}
